[{"id": 0, "img_name": "20240224_130032067", "width": 1696, "height": 938, "position": [0.6652977139572016, -1.8435803277380354, 4.585952912319085], "rotation": [[0.9998098122298913, -0.0017161459694003405, -0.019426636657986038], [0.0018694327427965197, 0.9999672431744046, 0.007875138056014612], [0.019412485416603825, -0.007909957091719289, 0.9997802698537102]], "fy": 1785.3094108218172, "fx": 2012.74343929951}, {"id": 1, "img_name": "20240224_130032068", "width": 1696, "height": 938, "position": [-0.3021820235522346, -2.3213863263876684, 3.2031619438857866], "rotation": [[0.9999962416762118, -0.0005338523117061023, -0.002689169976124811], [0.0005556239286082674, 0.9999670254708444, 0.008101805542076634], [0.002684756134393398, -0.00810326926005497, 0.999963563892104]], "fy": 1785.3094108218172, "fx": 2012.74343929951}, {"id": 2, "img_name": "20240224_130032069", "width": 1696, "height": 938, "position": [-0.43297888440835386, -2.0919837259983556, 2.033215332813335], "rotation": [[0.9999988137282032, -0.000661236808291285, 0.0013911535033063831], [0.0006662015961823019, 0.9999934006279463, -0.003571396924032816], [-0.0013887827834636424, 0.0035723194760698073, 0.9999926548809953]], "fy": 1785.3094108218172, "fx": 2012.74343929951}, {"id": 3, "img_name": "20240224_130032070", "width": 1696, "height": 938, "position": [-0.154385740591885, -2.3304967896361535, 0.8671896183433578], "rotation": [[0.999999963277684, -7.342801622709495e-05, -0.0002608696166019957], [7.002537699698786e-05, 0.9999152389685736, -0.01301959964311198], [0.00026180350839808943, 0.013019580897508883, 0.9999152073911947]], "fy": 1785.3094108218172, "fx": 2012.74343929951}, {"id": 4, "img_name": "20240224_130032071", "width": 1696, "height": 938, "position": [-0.2073180476872933, -2.3687298424925385, -0.18259976467535752], "rotation": [[0.9999981877430768, 0.00010016454366751, 0.0019011779574776397], [-4.586684474318367e-05, 0.9995926897508572, -0.028538614067239378], [-0.0019032621454650627, 0.028538475146904253, 0.9995908828263166]], "fy": 1785.3094108218172, "fx": 2012.74343929951}, {"id": 5, "img_name": "20240224_130032072", "width": 1696, "height": 938, "position": [-0.2095127108063667, -2.372673098489648, -1.194380207014201], "rotation": [[0.9999908480677504, 0.002453653178357984, 0.003504763447277344], [-0.002283276033054962, 0.9988535342422097, -0.04781635475863291], [-0.0036180701068268977, 0.047807914804213036, 0.9988499951698329]], "fy": 1785.3094108218172, "fx": 2012.74343929951}, {"id": 6, "img_name": "20240224_130032073", "width": 1696, "height": 938, "position": [-0.1239669326799728, -2.4174289004826135, -1.9159203015913606], "rotation": [[0.9999575292157505, 0.008424334480613927, 0.0037376935789411444], [-0.008135437239998017, 0.9974048300562696, -0.07153614220335047], [-0.00433063801827999, 0.07150269623575511, 0.9974310051353786]], "fy": 1785.3094108218172, "fx": 2012.74343929951}, {"id": 7, "img_name": "20240224_130032074", "width": 1696, "height": 938, "position": [-2.038623998379066, 1.1703924380690107, -2.317730944702373], "rotation": [[0.9995755622649525, 0.011889599156417833, 0.026595728126972116], [-0.007976041370840656, 0.9897355183407546, -0.14268842454385824], [-0.02801924493548578, 0.142415733564299, 0.9894102691738084]], "fy": 1785.3094108218172, "fx": 2012.74343929951}, {"id": 8, "img_name": "20240224_130032075", "width": 1696, "height": 938, "position": [-2.01718108784979, 4.296065730026475, -2.1107555015761905], "rotation": [[0.9994793448894498, 0.01902861207745286, 0.026056689386067432], [-0.013142502533176134, 0.9776482761711782, -0.209835942409038], [-0.029467164209024985, 0.20938424014698298, 0.9773893421822999]], "fy": 1785.3094108218172, "fx": 2012.74343929951}, {"id": 9, "img_name": "20240224_130032076", "width": 1696, "height": 938, "position": [-0.30795823417116963, 4.924336198514731, -1.5813312358151124], "rotation": [[0.9997570441103543, 0.022031984481152872, -0.0006666419950922212], [-0.02164977022072339, 0.975833864648862, -0.2174386259473147], [-0.004140072598066372, 0.21740023059851754, 0.9760737674656533]], "fy": 1785.3094108218172, "fx": 2012.74343929951}, {"id": 10, "img_name": "20240224_130032077", "width": 1696, "height": 938, "position": [3.0901859584930214, 5.172921295252918, -0.6364878288858751], "rotation": [[0.9978333594323955, 0.02429663207339726, -0.061141315603686644], [-0.036043174724536026, 0.9793242214780556, -0.1990601888429141], [0.05504067913494727, 0.2008326240835637, 0.978078105646003]], "fy": 1785.3094108218172, "fx": 2012.74343929951}, {"id": 11, "img_name": "20240224_130032078", "width": 1696, "height": 938, "position": [9.308043574861767, 4.385809085563561, 1.51790806210659], "rotation": [[0.9849152627346148, 0.034927965080785835, -0.1694755512978789], [-0.060755310369568626, 0.9868637786335883, -0.14969527274744987], [0.16202073168055367, 0.15773369860734077, 0.974099257175236]], "fy": 1785.3094108218172, "fx": 2012.74343929951}, {"id": 12, "img_name": "20240224_130032079", "width": 1696, "height": 938, "position": [16.519499779663033, 3.476583030970275, 6.135829903486004], "rotation": [[0.9498355104924467, 0.04820137240746666, -0.3090131562014628], [-0.08383693802002859, 0.9911321895648334, -0.10309389231106234], [0.301303619014075, 0.1238289566557667, 0.9454536047118152]], "fy": 1785.3094108218172, "fx": 2012.74343929951}]